96
15
7
87
115
111
89
125
58
79
51
100
58
36
55
114
65
104
121
113
65
18
25
36
85
44
65
74
50
58
11
14
119
117
60
83
89
99
98
28
87
9
52
18
25
97
2
101
31
52
75
44
12
89
13
77
117
99
1
71
45
14
74
127
67
36
108
68
104
99
24
94
6
93
25
55
94
7
10
115
41
91
43
125
110
94
2
30
104
110
93
118
98
27
110
72
62
52
78
116
117
62
125
59
27
109
38
46
64
85
111
110
89
13
29
81
99
76
16
101
34
78
91
121
5
34
123
106
111
80
121
42
56
21
126
107
94
111
98
1
56
83
94
19
127
111
29
85
125
29
101
113
35
105
82
38
98
3
54
121
113
60
63
111
91
68
53
67
14
50
115
116
106
15
44
78
111
72
122
22
4
38
108
81
107
8
7
79
66
87
8
90
57
104
15
123
20
111
55
58
57
89
70
75
42
112
6
19
60
4
55
26
9
31
117
75
79
109
3
83
61
102
1
54
42
24
59
2
0
48
58
0
16
64
93
42
95
32
39
123
1
115
19
62
32
109
81
25
114
68
43
38
107
100
125
83
88
15
32
17
53
4
19
11
73
54
10
73
66
74
107
47
70
8
82
73
83
66
21
61
71
33
15
59
4
19
21
43
67
9
81
80
0
21
69
125
96
7
116
106
98
8
86
40
88
124
95
98
17
51
127
22
122
99
73
19
116
87
6
54
32
94
5
56
120
27
46
48
67
85
105
75
77
42
90
63
74
103
98
8
51
50
25
15
10
59
85
28
76
50
8
8
1
62
73
3
2
30
47
61
77
47
31
60
74
52
72
79
9
10
72
13
116
126
2
110
68
118
46
61
69
18
100
16
76
97
74
15
97
86
61
44
55
37
58
4
19
93
69
85
114
6
18
65
105
123
19
2
60
91
62
11
111
113
119
59
75
14
112
105
105
57
110
50
76
27
85
79
68
125
90
103
48
88
75
63
127
34
39
81
77
71
82
5
23
49
60
70
45
126
57
4
108
92
107
56
23
96
116
77
37
68
62
62
0
87
90
22
38
56
59
40
103
31
27
34
103
104
26
27
95
15
33
69
68
86
122
84
109
18
39
31
45
89
43
9
9
19
4
64
86
37
31
117
67
16
29
77
64
73
81
46
69
89
110
22
34
120
122
42
92
6
41
20
16
28
122
14
115
18
24
83
100
90
68
57
111
44
2
51
57
45
19
35
64
120
90
83
106
20
102
16
25
89
100
80
124
11
100
39
21
14
90
46
48
126
74
106
21
53
39
118
118
71
113
47
114
6
83
23
65
39
35
94
43
7
58
10
118
116
61
100
71
91
29
42
83
101
114
66
46
111
62
53
109
112
26
81
104
53
93
117
56
77
101
110
107
123
2
41
68
64
116
33
119
66
46
26
42
71
92
13
19
16
105
82
104
109
113
59
108
104
34
65
22
71
43
122
118
46
62
87
99
73
126
110
123
29
61
42
65
0
39
32
88
79
98
39
100
19
5
125
10
70
60
91
29
51
10
48
23
52
36
123
8
4
42
73
18
123
87
75
48
70
121
108
65
1
104
70
100
4
21
99
40
65
77
28
13
34
80
71
18
13
19
13
91
43
23
84
37
25
21
105
59
58
77
67
77
79
26
27
74
67
75
18
30
65
83
71
54
14
59
111
42
15
56
34
50
108
16
21
106
19
33
75
110
44
39
110
115
10
78
62
8
52
125
79
65
0
110
26
88
80
29
23
93
38
62
44
1
42
16
97
62
5
49
54
34
0
35
113
25
101
83
44
63
125
103
118
18
105
96
50
125
117
61
26
117
9
109
72
110
122
108
73
121
109
127
3
2
70
45
65
92
124
1
115
124
113
88
95
63
72
26
24
73
94
99
72
72
23
65
24
18
91
3
31
120
10
51
81
126
100
115
75
60
31
85
1
116
73
29
4
49
14
9
37
95
84
127
26
10
54
58
107
4
20
47
1
121
98
122
114
62
7
97
91
85
78
92
42
9
98
84
126
122
60
103
4
81
93
63
35
10
24
70
71
41
8
71
39
112
83
8
18
78
43
69
41
44
46
80
17
120
85
16
40
98
60
112
72
45
42
48
27
34
87
104
37
64
25
50
77
7
52
57
54
90
65
47
78
119
61
87
34
13
46
43
52
7
29
101
108
23
126
122
69
34
109
111
119
66
32
104
18
124
3
9
67
28
90
78
32
13
34
81
111
83
13
13
116
44
51
29
35
52
69
53
8
